298.549 31.815
291.981 33.462
261.141 28.126
239.515 35.486
209.13 31.767
172.789 37.394
140.731 43.452
127.383 45.423
122.341 58.288
120.781 69.005
118.515 73.450
112.144 85.261
114.473 101.110
134.844 108.911
143.413 124.918
166.882 133.148
180.199 139.569
184.733 140.096
220.783 144.295
245.043 143.503
254.471 135.613
283.118 138.981
304.446 134.319
322.933 129.598
327.975 122.363
336.748 105.135
335.752 83.701
335.776 77.234
325.194 70.678
310.950 57.994
288.793 53.336
275.498 51.527
249.701 52.477
232.879 50.691
219.426 49.945
196.613 52.680
172.828 57.768
166.407 65.545
163.377 69.773
158.697 88.358
163.513 99.121
172.059 107.328
184.924 116.620
201.339 121.821
211.377 124.896
245.134 121.188
252.453 121.197
262.882 121.210
288.838 110.674
293.496 101.969
294.536 96.159
288.838 92.451
294.513 87.160
288.861 80.988
282.892 75.109
264.713 69.796
248.033 69.796
245.586 69.796
231.229 69.027
208.189 75.539
206.177 78.342
201.384 90.959
211.445 103.552
235.189 107.959
261.141 92.475
254.494 86.798
243.383 84.771
241.855 84.492
221.574 91.365
211.445 103.552
0
78.306 34.885
114.895 31.849
140.731 43.451
0
57.446 68.042
85.923 63.136
118.515 73.450
0
87.803 113.319
114.473 101.110
0
143.439 149.770
166.882 133.148
0
241.890 163.359
245.043 143.503
0
302.418 154.055
304.446 134.319
0
393.610 129.754
359.544 131.754
327.975 122.363
0
384.753 73.542
363.967 82.318
335.752 83.701
0
291.981 33.462
288.793 53.336
0
239.515 35.486
232.879 50.691
0
172.789 37.394
196.613 52.680
0
120.781 69.005
134.844 108.911
0
184.733 140.096
201.339 121.821
0
254.471 135.613
252.453 121.197
0
336.748 105.135
316.590 111.108
304.453 109.802
293.496 101.969
0
325.194 70.678
288.861 80.988
0
249.701 52.477
245.586 69.796
0
166.407 65.545
206.177 78.342

172.059 107.328
205.203 95.366

245.134 121.188
238.820 110.100
235.189 107.959

288.838 92.451
261.141 92.475

248.033 69.796
243.383 84.771
